150944
117425
127271
67867
83540
59565
219054
244251
224825
97005
95332
19165
19257
43127
132546
106241
200924
238104
182047
241128
157074
79834
240148
188973
24835
223474
66885
205974
37078
66676
7021
188022
184101
134292
1937
13688
202049
229183
257939
164730
64043
99318
192087
91492
142445
70680
205925
81225
46640
125827
60208
203714
213853
38211
138734
246880
261685
205619
190710
44811
18343
197731
241025
210636
78070
251154
224325
17975
218192
228311
190897
20090
65485
120839
119775
207930
191520
63555
27010
246352
189383
87219
187921
141091
133622
72702
134019
141355
16176
62584
186166
42711
6362
165046
253348
84432
154056
223720
102407
118295
189886
39351
146578
255371
168383
4208
201157
105950
67763
228167
90157
3193
61433
24125
152477
195056
96827
24351
82458
121195
95127
6479
163907
101489
179717
163302
185921
71628
124877
34376
189924
52618
73727
74357
45845
250302
86757
247002
94107
162712
221216
192456
165906
28697
216581
64430
231945
59455
96973
52258
180651
192100
58737
90605
31444
246646
253907
225557
56130
116639
259933
254246
177449
79708
74650
223294
67865
169599
216343
161973
70166
183607
92284
244264
212304
54913
46549
182104
114368
143522
242554
32874
81669
47338
131671
121305
31839
123433
84718
96161
248264
82506
96454
163569
170406
179296
132910
238272
86750
95301
146292
156917
16763
246768
139036
237259
47728
193778
165410
162097
83347
145819
203163
165017
193157
72690
24177
233188
204315
117087
67205
190435
207786
163659
100051
116047
80811
241153
100366
167561
74309
254850
70525
91072
239474
209562
74378
25057
149387
239788
195346
232734
123462
144557
135606
62666
217247
167976
33710
167609
22918
100915
104091
238896
10621
204142
92799
91432
183151
193165
5041
257460
185871
75566
94580
171392
31175
177150
204641
180562
154794
137843
151152
24303
20255
32805
86970
245694
208973
128872
151158
240084
237979
1297
216835
248600
205439
47489
86080
134637
248847
99313
138145
180765
174879
240917
90012
214247
155922
40700
132664
48571
178543
29863
81067
206990
62669
176229
198731
9497
42956
95937
249581
26982
97234
212464
13437
48720
259953
107709
183358
254847
207022
67550
173467
127949
46322
9526
80051
202244
50227
220907
259008
236962
250771
77930
190000
51295
254159
134778
68984
43162
230715
64613
70144
65804
14932
91773
122717
20932
199483
43930
13635
152552
111480
195294
18356
157802
204821
106599
106093
1095
65362
111148
246249
53988
189078
174104
113475
189284
54930
182459
240638
23500
255264
48637
97497
8051
140411
220214
37176
85941
10191
50811
238493
121671
246105
2897
25520
196973
117688
139805
206260
183050
250954
190365
245230
186079
110516
104752
121411
165446
33259
99904
197139
26378
148542
32491
42622
35000
260897
79798
120941
8943
130609
105481
138806
122761
116570
164326
65782
234259
50178
9897
163356
38987
208454
154634
233259
65018
259386
92525
238656
30500
192429
173650
56879
87018
214333
99501
130210
213085
187491
259343
222028
64147
102680
98689
186908
227442
9062
260882
199556
59241
16827
100768
106420
225281
255402
77534
36346
252643
178251
12858
29191
116728
186508
86070
203746
138697
193763
80004
97829
127301
77202
57713
191448
179882
164594
124403
145180
173657
123141
90783
241090
139968
199743
85365
111296
193000
171092
147643
191691
87198
160501
229074
203926
93056
61191
153720
239945
1001
233724
75630
128302
48781
141535
57605
236856
43984
182008
128083
225833
43004
227058
204778
191164
164657
36191
48508
103704
207283
196151
41442
32336
102699
8371
244455
203947
69562
136030
181748
70563
115801
3425
198865
164582
144960
2517
147485
197136
184526
21615
169017
235722
248674
111650
172934
151186
147841
221442
937
92979
163640
42380
133508
4194
50751
115818
216333
128506
260040
135936
207261
113696
147553
143982
24325
38560
154691
171811
243889
85264
201618
150761
58842
188147
8458
239968
85380
156300
199265
86318
257471
100760
128698
137026
113146
187641
252844
67334
62194
250739
211463
7311
110482
96871
159485
134808
143624
52031
44474
125368
137296
254284
13984
204330
180287
22442
182153
11714
186934
119273
98032
190453
228225
234922
65334
79226
168611
56034
146560
230805
52820
95878
238116
163303
200942
135456
44158
82421
195680
96824
215981
70831
88963
229965
13016
7105
260599
203361
18820
193581
60489
125044
121889
26569
97822
187223
113987
12480
251449
260547
243285
50317
102473
227449
221812
49462
108952
3825
140075
42487
100649
93911
121510
189612
69923
142718
204910
76569
83934
231922
8005
144423
94821
138086
179184
200835
63165
31026
213315
60661
37621
202648
119170
148286
167952
78837
197748
22951
90854
75678
65439
199695
177781
195141
127163
247704
75715
78120
70320
159649
47897
78326
50120
142718
216412
229304
81409
25624
6378
40771
94478
43999
243419
213648
200477
157418
38533
136080
180370
129387
219950
254001
66938
143778
186997
202293
129337
8759
18268
199657
168409
66165
24030
218529
217075
248635
193880
44531
12114
200258
85303
106592
252449
74769
66288
190781
240380
104821
72908
166797
242400
38905
166845
55385
182683
99889
257678
58067
108649
21993
3772
14913
96350
27802
241634
59473
14292
181561
104004
34599
119675
197499
149383
118171
18316
215671
55000
258696
58347
127908
171540
46795
175006
76240
102180
95544
176129
105906
153612
22633
136091
157384
45738
240634
193378
33419
37962
215863
214981
150158
250462
80703
85513
137700
198874
112021
99419
262066
116764
165958
127830
26159
212753
40691
110591
60981
144427
24575
175079
35894
55401
49025
201470
109331
27514
132704
142751
73668
94614
95587
223827
82931
176290
55387
228823
121211
167408
66097
121133
22027
232056
257155
48186
190856
43893
166969
251837
188320
191544
164771
232407
255137
221989
171732
102324
257695
50483
253267
69219
145097
86709
39093
236220
9046
94480
211091
138449
261888
15043
5629
29962
255291
639
86340
184003
52724
253309
181887
241045
190900
84514
219499
183893
52550
137278
24072
48100
187762
15194
125511
78906
110095
172796
61174
127333
5131
10120
3637
13066
33355
17459
43028
34694
18098
137560
218697
70823
128724
138439
57915
57480
231145
23461
249565
29742
160739
19684
77843
86356
43070
211546
173455
153165
122198
242821
26545
135521
252941
38374
156780
32343
55833
208000
67037
82124
83416
31781
152947
220332
178413
219054
15667
155605
242515
11279
185348
141109
30963
9238
235658
74033
220784
155160
235390
89029
135836
261935
232743
134824
46357
127378
167167
102190
73233
242397
184314
156649
12033
83308
114837
198638
48409
138696
92099
36971
149976
15302
178081
189131
24540
159786
1020
253516
60993
244602
88593
196829
252585
67383
69508
36797
194761
244867
138987
5849
225119
61157
170691
245345
144465
31575
190030
201067
178463
19984
238038
74486
43478
162166
1473
76210
59807
10685
67582
128992
255287
164367
63676
245727
231750
141376
20379
172558
124099
159367
186599
95265
228716
95145
86657
119228
134912
14543
58150
51231
34527
34044
125717
86198
196210
135382
162408
2065
146067
238182
131057
139210
140404
202926
122792
118201
82157
151364
28614
214448
56778
215214
55761
23349
56406
142418
142577
191319
156961
208920
242550
199681
251156
114314
23734
193413
249697
186142
195478
133619
162180
72583
18876
48631
21556
149861
166833
111905
39080
195447
64209
95858
156708
119970
127399
213115
243
7831
142289
165397
224943
130886
111125
213954
245200
134859
145223
240944
67048
86748
120611
237420
167523
139487
23907
189079
27203
198932
38840
74475
140426
103049
170333
34990
231211
35587
248105
239646
51611
136441
151090
22601
5182
70
236556
258574
143121
127826
245566
210170
214574
104032
193637
119953
251711
225736
55079
24962
170715
93919
99437
48997
205160
15818
92179
174226
59597
86331
159920
119400
222772
48865
142002
236146
48936
124605
240767
200249
252431
232380
156466
213052
74267
87959
79052
72026
51550
134132
96988
230458
228051
204617
17310
171067
220435
117681
91340
26080
204012
251260
145480
172831
46173
25337
155024
103301
149942
141838
41405
148420
112074
197872
99328
186341
23686
178380
4414
83428
50367
101402
51741
24466
52067
77243
203725
10357
203116
41112
36437
144983
38420
190110
63861
84593
223639
227077
187894
111437
106771
237491
5904
218845
173218
105232
151233
205096
29660
155648
34572
88219
3097
94505
112685
55164
179941
62457
73714
120912
103570
118343
11943
141990
46308
83996
234775
7803
48929
168716
127432
155700
144062
133336
112400
63328
246761
9680
14471
14276
173520
57235
102495
176618
151741
223373
239974
77729
23685
51543
198641
135447
169887
218776
23484
224387
40628
4306
240382
89557
173022
105669
245257
63132
247198
103704
134652
240006
121576
149123
254282
32952
214551
102824
217762
104147
72244
195591
190068
104122
255327
134756
239569
163069
91388
9101
133503
132016
13407
111741
221573
194622
225602
212877
3801
218847
62628
138453
196708
184204
33623
197037
225348
248174
37717
180965
98368
118153
114412
34483
222275
107594
169240
207892
16710
260628
225185
158405
138691
238592
16193
98119
179261
249988
57043
183062
206690
127863
67562
149446
58114
109378
84338
21318
103599
130247
210475
201968
248401
70934
244643
216723
186720
151738
170662
211622
150221
133702
107883
26767
110150
124076
133078
35458
120111
198313
218521
72849
72223
23938
222295
130338
141508
52680
159848
245108
182928
108178
193123
177376
187305
175621
140146
111880
65215
48664
61358
223628
182366
169241
250396
38563
39364
129521
74022
167668
65690
30398
240517
137913
62528
200667
14298
204037
253347
174146
195192
182322
28372
126170
105745
215677
39646
245892
65412
104861
32411
126770
74537
222969
42058
62788
261533
89615
200501
73410
257283
12238
112000
235655
158344
174528
182369
172642
124612
181763
92836
57659
101941
121208
192021
215878
82932
231668
199625
156536
82576
240228
21162
157113
201053
71412
228093
200441
161027
166450
19898
164357
178688
131898
146059
83079
52473
66283
255722
177086
248047
86413
242937
96035
215813
172814
57960
44792
150529
257586
201328
233105
243861
230682
136266
182769
39950
102214
129257
209169
14711
149155
111382
201592
18908
3488
22526
71382
69772
16103
256660
63866
110708
245644
168093
72568
164505
226053
117360
52889
221494
64736
32042
211403
33273
168308
140219
73223
16569
7332
28440
31281
164679
148014
241065
191780
151502
1446
9209
221274
25742
3724
31187
144642
257560
199280
225403
159921
163189
88810
221002
130730
153546
261236
79988
186820
167399
220208
260043
192161
227540
34530
231634
138266
182544
210554
67901
71902
212000
77110
39223
245934
89026
70411
128432
84442
7546
91690
252555
170735
180500
219604
39321
71902
218696
119309
258722
132142
85564
2667
62158
59151
37198
39839
197418
227934
250393
3174
37691
200249
80285
76915
184038
177503
155518
58517
7992
163064
150207
260547
79847
76755
226199
119168
156849
190942
246669
153426
60939
70089
164285
131290
137432
209675
171129
72705
175465
167570
75880
221348
113866
164357
44310
35759
79715
199828
102469
87708
108940
252676
94302
196979
75478
58356
54002
232327
257490
46718
131800
64477
124999
33941
195767
287
251808
112943
72992
173320
26560
157064
140716
140426
59276
185026
184378
147184
130902
24702
234892
248034
23425
67049
182868
98904
133598
245062
69086
128943
37827
200887
201612
171019
243020
143426
171306
240875
256370
252490
152051
28977
155602
38814
169404
223070
232032
91637
108109
108981
116339
80856
94870
139764
156098
23785
246860
35743
6702
53802
172878
52722
736
112346
223741
251948
255772
141094
230678
258189
139631
128776
25022
33088
167590
194426
2206
137478
32110
110315
246459
148449
199364
87377
34260
101509
111162
18976
137252
126057
80970
56177
186971
81706
176715
148567
79701
178535
35708
48234
174579
175339
185203
207793
216620
90648
148266
218826
236318
180376
66996
228825
74872
12407
62249
109133
113916
173411
128109
259360
45515
217271
53393
232486
36832
238300
127100
124725
154690
162808
172959
75317
84195
104209
20965
38670
203050
177424
3543
177223
95655
78731
152095
178720
91139
214344
25708
205055
133803
162009
202271
187510
117135
1711
166044
162159
240011
30999
24739
140749
202000
205890
216066
24050
47955
237031
70912
251005
160502
82647
174275
2205
161378
64226
180925
252517
16425
206633
195428
158420
106497
143746
83786
231824
153649
249830
131838
131515
26876
164769
10119
237068
108514
226185
7165
156469
209264
86269
153521
115813
168916
65652
118018
68150
129878
36798
58522
154495
243431
262142
50771
95975
143743
142749
73846
35247
138626
213876
174955
173694
116500
193266
148618
233207
165499
163975
127531
120810
250245
18908
236623
157016
92752
92497
225166
222630
129295
21544
123172
118774
21541
182135
214749
173477
62739
34643
216916
209557
248519
129726
121107
102875
69040
15772
73937
234539
179747
209660
93204
167847
236760
67682
62719
67367
160179
33932
36044
35522
55476
159217
154296
85210
79207
115092
4734
150139
149735
221650
97551
144302
97424
226850
255369
166464
242622
67161
138858
168417
22868
232062
74119
5676
45791
145030
81235
214163
178963
117280
249685
242631
22544
150028
73888
101751
2975
78622
251890
160903
46320
95489
43060
143744
60194
36284
56255
48864
111637
195113
217281
142697
173222
37447
148373
227205
190670
229609
179223
107488
92936
166763
96166
115480
54646
170055
217231
65814
256869
215169
226717
49236
48513
15824
192980
116899
52108
249235
165763
163745
190395
120899
44297
109664
166539
200863
74725
95064
176519
262140
210744
7310
166759
44765
122790
229597
223012
86068
41458
225929
47284
6030
13020
103989
21854
214193
220889
82154
209475
132699
254091
145918
261791
44436
255582
166185
245299
76354
261249
167865
76350
218040
175175
251301
660
44012
226945
231865
138272
6259
203841
193749
20481
216861
35593
50528
168909
2529
140874
124432
135229
132821
8205
143067
177257
1642
47107
168603
86189
54403
74323
170731
10298
257690
159887
19150
39557
132879
259207
186021
147330
200903
117625
167812
155620
161411
226532
70576
163940
105261
195008
45216
238082
203213
188283
161386
213048
243582
67844
45284
44032
150359
216015
62522
145904
121949
89865
193653
254828
86927
117530
140014
25686
243347
53873
189498
142613
18260
6121
44409
123521
209322
97817
107651
150390
32148
6892
109485
21777
82929
154769
65810
233288
108639
136524
125240
238780
226389
56748
231464
51172
182470
117525
85050
163673
171398
20595
44141
189658
34908
96742
59226
244230
202752
166877
140668
234900
173770
250153
256677
2746
150970
68534
236034
5656
205059
99129
244437
169303
164070
213756
228667
84395
69136
59764
248068
248726
80359
38257
176239
115268
134999
235465
97353
75606
148390
238021
56553
68207
234222
51086
70953
123047
119620
53034
136895
62534
160356
119187
240030
62281
78990
206552
154868
156318
4172
140792
142899
84531
179049
65185
207991
60095
46698
51392
135702
195088
35460
200447
1150
7537
251533
80295
138776
117201
133329
13527
179735
31540
140906
157620
93821
228089
110220
248690
122262
114392
135529
11209
207115
60625
76394
161154
120720
131284
212546
2469
64227
248006
202917
73569
1591
200497
153864
140367
55553
25049
162086
243481
64781
49040
147148
166795
14984
257368
161532
137246
117807
34916
156647
62778
103733
241234
223932
224453
110373
182525
235115
182793
176578
184079
2409
178169
122431
156274
64584
186177
189515
234862
167513
254296
21757
60708
158946
36741
55932
58333
182180
173739
101441
76682
244709
205174
63963
214688
175675
182529
135068
156837
103177
57694
78771
105586
235863
209394
7907
46494
141618
205614
19212
55178
205958
49161
115887
110951
85903
171819
169285
14130
91605
16773
99004
74170
230140
162968
34905
143670
83352
178166
38362
194721
235860
125325
46354
217770
80766
62454
2120
222385
5923
29524
15418
211881
78685
139497
60688
172780
49171
238165
186910
148969
985
23770
231331
231125
194930
4091
112650
24329
182257
159204
219050
155972
30576
11451
111598
119535
73905
121910
87967
88021
151434
103385
45949
230119
242883
114829
140755
38101
90849
73712
187070
100027
105674
164448
69007
38459
168540
189850
70980
96844
86909
27885
261009
125678
47529
118654
245213
121434
240564
71035
209455
129853
182612
255405
106019
171542
108089
254966
217836
207131
74726
150953
45013
180400
53257
114020
227052
221797
49917
35887
64688
136827
71965
63552
8552
119494
182206
253765
240928
160625
70847
196431
36525
253459
197883
150737
162857
52019
143558
126740
5197
218284
15548
50210
144732
68805
172423
109639
36649
222340
153718
101338
105214
225683
164890
113766
83032
84952
113578
70008
253769
184425
12486
28150
183932
210369
178887
92836
8435
68492
219576
13633
32824
235124
63843
177556
41785
244458
33242
78434
212846
186960
179772
55915
158691
82518
177874
241723
175662
37499
57778
175478
221925
70264
203628
143712
26680
128562
236548
35116
205247
193979
48749
246263
175150
120784
161674
216935
111290
203108
33225
61991
136115
221189
126098
32661
49754
50019
20432
225416
87519
78210
146942
55491
156667
96617
199203
191539
225180
181798
226655
176474
121824
21451
160592
34829
150428
68313
251765
261718
9276
31037
69756
153583
252226
204046
186245
48028
254066
206677
19491
79440
22742
166433
134931
187601
906
80181
116996
234278
8026
89698
148607
129850
119342
55246
172871
7625
123559
170683
15390
141027
201720
85146
32465
199994
27047
218710
248022
18968
171434
5368
106600
194177
171802
249723
127825
172708
67759
244821
144841
75785
80567
39495
213827
199909
94741
124554
207534
218300
33092
231116
105374
243005
54117
137839
180854
89356
102597
174923
116517
11886
180291
231309
214255
98140
218888
79936
16895
32694
70804
161736
116672
151371
201231
68354
97327
42019
201100
50908
260319
234193
19879
103548
223245
82188
249580
150146
171545
90032
62924
34109
101918
251407
3273
54029
87403
222161
142157
104298
903
212961
12082
117575
110380
221505
185929
215899
1380
133077
4663
261699
113317
24542
111295
74417
114923
98730
224563
24323
196954
25342
66624
36727
22796
69897
98948
110199
38106
249297
222690
39009
200114
234772
156584
56541
194132
88560
10295
195512
221637
14958
203259
72809
47693
60601
155418
162616
167523
117836
195131
102332
151370
7802
147251
174167
77699
254392
22221
123997
241544
253103
163006
187705
225730
65637
244246
165910
154198
589
107469
121882
23739
56775
194692
79624
117376
87965
250432
22754
213994
183418
133278
103219
191220
26577
15241
14967
18824
45655
138964
260368
36613
48018
185929
8391
113655
176222
174301
13900
185003
19625
135783
208743
76401
76522
26222
201969
172679
14510
232916
124528
206120
104049
235940
143388
130626
259373
166547
157642
51075
51558
155866
87689
107768
87842
104272
221424
10111
16428
243516
195115
44245
125346
149905
128838
201868
184319
68663
120595
207021
47626
253315
159189
159867
227110
48624
28349
224339
215171
194183
13269
12776
96096
109150
120545
192130
221614
88016
202242
246234
69387
143404
28335
194734
39356
165365
142649
231867
242220
1099
176744
27701
254415
81980
187569
227572
130604
224110
197958
91822
156148
219420
104598
260437
74617
233335
190422
34087
59206
138711
18176
136786
19970
54703
69375
67518
220069
220216
37241
208336
229508
213985
236038
229970
42012
169654
195397
172616
131619
131211
2293
33814
88486
115083
32106
163103
86274
222529
205382
145480
99095
223559
20121
127258
24309
97688
194776
252570
63952
240209
198762
31315
200241
180847
261285
242253
88356
202729
152724
228167
71795
163209
261981
168473
16148
40135
77624
102422
519
20861
247902
107806
252612
14071
235064
14777
111759
175888
13394
175711
153952
212156
215218
92049
130858
222550
72157
227406
163135
233074
193428
243122
134138
201457
149451
150286
241592
235267
260900
242111
256128
254850
95964
254788
6776
68884
7420
126727
252964
20814
48486
152963
241163
9751
253204
118068
232302
71409
83330
133292
42338
22805
114269
184668
224262
9767
81002
203709
245034
79757
191867
247210
72462
33879
239853
87430
102763
255465
214158
101774
22326
8691
254737
1344
18442
245797
127605
258936
55061
219127
130083
105591
241932
252545
28114
212242
167
109116
161998
253394
188874
99913
246651
7383
133792
232551
94814
244747
225871
55019
84376
256389
71902
85160
3781
98536
77004
131386
95328
140257
88368
225411
245848
76347
215811
11818
34636
224171
129126
196635
223612
64047
42595
208118
71431
176387
178524
174437
158989
150442
229456
251557
144686
47405
82764
148467
145941
159769
25900
241269
37881
114268
212728
21585
198808
166394
41595
233444
136612
178913
176126
106271
242961
218721
52244
60439
141155
238960
234876
46191
127257
210379
35603
9799
3831
118368
166458
149772
24184
192359
128897
62065
52674
79480
91842
259674
254066
141629
230974
136726
58398
153147
242997
47406
117916
41289
116037
259071
18104
96960
43118
145362
53386
78721
163353
57217
205281
75858
206989
237657
6072
81933
37578
66939
169605
137612
64468
169719
25289
41489
52492
91879
194637
33344
139285
50408
82825
255322
55526
100930
98329
98644
254484
151715
185558
163884
208932
136886
239742
153776
112399
254007
243902
158169
58801
151362
33636
123269
67128
58925
172951
119620
150804
105443
161157
36136
164043
243982
37505
227761
82767
135834
64261
83298
25404
249819
255374
242528
132752
232972
142352
245151
224834
124109
141175
29682
21518
183004
161143
88647
250121
71949
208267
146973
185584
107279
191301
95674
97309
236999
61291
188268
110688
125552
9422
144285
121418
2651
124668
254170
243815
4875
245369
214696
137176
132591
244378
158695
53450
143377
255534
49619
223518
209848
204784
146958
63175
133940
242632
160484
108794
41778
86607
227675
167330
104221
118007
34795
115065
242675
35013
104927
255743
18237
57479
130774
150828
47904
35516
212471
199473
28905
8137
160847
238754
212921
45660
47976
92908
26147
208460
209895
67926
32922
183617
243448
145336
39479
16099
260401
28201
51112
103183
21799
77541
168854
160766
228369
216759
204474
186887
154087
241572
195024
52789
226373
153992
106641
12204
246901
132789
220664
202843
208907
261778
124315
190210
153161
163794
214501
159609
191995
11660
648
221987
89201
177694
128800
63618
132308
71129
250505
32443
50556
183385
93424
22976
83424
200066
35180
76372
70710
1891
17070
17472
1525
141385
215874
162878
51226
168231
60343
251414
188083
60991
219448
15140
246877
86103
78758
117041
165424
75310
157676
224173
4742
251100
247149
88167
189021
20185
164539
5778
30268
181610
23250
39985
69042
247317
202864
128461
161595
1062
117730
87533
70245
75033
110865
54977
169328
197815
180210
72607
10981
75741
34635
23915
64697
27832
112082
261910
48017
22669
5544
78285
212471
36986
118271
27560
22158
67182
156021
191945
68244
19798
25526
138489
103023
136391
193466
10206
80254
111532
91006
99427
195465
133833
123342
6209
161665
243617
5975
209682
4141
11519
34015
224804
56697
160478
252364
87048
227660
154433
16848
41951
174231
42374
180440
23302
186958
119953
41700
5067
239677
132706
112686
172998
4395
236028
179207
166060
225692
185182
121790
229833
204893
163997
192492
261591
70522
190904
86494
44229
83192
111534
86180
257423
162101
12667
26772
86914
132620
68473
100173
110153
201179
212859
21006
205574
194934
200213
117682
158482
131443
247664
134362
74191
149516
72902
81829
220038
1661
176515
10314
93045
25905
96494
96515
196198
109161
123288
29159
249973
191761
137524
97981
130795
96430
127179
82417
29219
65248
208291
195893
204883
193810
68111
25121
81181
149205
106951
47266
159058
29513
65772
252103
63610
162266
86473
259808
17474
209761
26822
5302
147569
164346
111476
16220
260776
238655
106829
36043
49950
61167
231936
254833
254977
46094
17810
82205
195299
132953
137663
92212
162466
203435
90362
226077
111748
176836
231932
129222
132644
4802
142716
18069
177340
254192
42481
184164
230703
157502
220207
18508
218669
198190
11197
211501
252477
37199
39753
193823
178344
177416
23891
78665
118706
122445
50789
238646
37136
28769
105723
169781
33571
248439
196042
219103
248679
238523
141122
217237
133880
107376
235745
90404
51614
255134
47952
41946
38380
87705
235769
216724
11168
5707
41437
138066
128153
100418
114567
173481
129187
228482
89309
170950
214776
23206
136101
209502
7776
15078
164594
141656
130647
146387
240252
190453
139376
34251
232399
185949
130148
214215
140528
141316
228115
190157
25429
102315
28431
139996
13651
165810
106333
111153
82808
67157
134359
218909
14514
142136
242179
187301
29839
118873
71543
7947
47181
219111
42198
25627
142915
172347
248035
29491
59710
214005
227840
85140
62367
256271
233328
84210
168129
85709
195363
259129
161058
67578
215893
183764
217906
204119
108920
247745
69040
180463
1739
116221
145622
52130
150041
34584
232669
135931
72267
30234
95983
37963
123566
166542
40281
94750
250752
208410
188651
183971
205394
87564
259741
167334
9183
215502
117501
118104
209294
186541
44614
211034
48809
190236
9211
207042
233013
241880
89020
43135
18161
185003
81098
141728
97592
121380
244670
86200
75837
171176
8026
27279
4787
13814
202805
13970
229316
58161
140266
184657
252894
184881
141738
47751
121164
150949
254793
100224
130684
81669
143360
157038
12719
224458
36621
110312
91885
27338
196512
167723
198514
212730
203194
211493
226544
143854
225463
201907
202016
111777
124419
200957
34513
4013
248708
163869
163154
241357
1949
31694
60881
153501
188732
81792
124006
233545
192104
215892
260883
134663
129662
205444
85248
70711
154792
57839
214565
126302
259746
162628
238079
130213
101441
18639
142418
88004
190701
43427
75408
192650
83313
136289
92198
18092
218082
216204
251637
156233
178143
258567
28752
53852
201866
122192
124563
102705
180032
85176
237200
185825
255996
213134
53893
95292
239966
196311
191489
168522
247931
4752
107219
69099
149234
199417
87192
113363
153476
76684
7451
77667
81299
36203
131519
29212
166588
2130
131918
84475
87306
106973
16347
81157
66154
70241
184642
43975
12599
122178
212497
260530
126930
57571
67485
22211
3035
162869
135574
156512
239553
143026
242371
58707
187421
111745
96112
100056
113875
228030
184531
201181
81050
200879
28386
155396
17167
221220
207564
37958
81253
157916
44536
216375
223680
112021
238587
226715
20937
112016
129274
260490
1089
109500
65245
196703
229438
161357
34614
81168
135434
227338
28397
224676
174264
64975
126119
199623
24050
71538
237581
113495
237647
19972
67725
199182
140185
44167
171944
161122
164376
47266
167660
173657
164958
241097
116407
132251
148501
159214
213420
29982
124407
241817
254658
44718
52839
118632
244341
76889
198363
219777
198576
173865
247942
4156
119094
125982
56516
28893
33152
229084
84351
200812
140596
249310
187956
3051
119416
74312
162265
78883
104294
32719
66747
104999
77437
119586
231823
59633
204667
168041
25457
141098
87953
19446
145255
207047
145429
209963
244133
186773
176902
66339
125440
63545
53504
59443
66596
181113
133755
228861
6043
246241
261580
72791
89095
85064
192377
66965
152889
134900
243199
186539
22045
69007
205985
167300
13910
97461
123310
258043
22089
38067
70429
155721
109805
132126
215164
184593
51094
86774
151310
57137
79062
158937
138120
176349
244002
68353
243315
142938
211445
224369
67332
233490
39423
11173
146838
61525
108634
16195
57423
130724
62455
136045
32492
172260
6026
247657
94708
65312
80478
254210
130641
159541
151003
6617
73745
141052
83162
54915
30037
40654
25331
97370
11999
72947
108543
167029
134472
225369
183225
200088
102140
245680
73988
134633
163987
80014
120145
258695
145326
200623
258953
13822
98019
156003
20439
179957
34910
103601
234872
73139
152447
6251
170509
172639
79198
16907
77523
213670
250469
6795
151613
90464
260667
225601
225097
162509
51662
91289
167252
196988
29768
164060
210811
135979
57918
239442
53791
101020
89091
34711
174159
241538
40962
90716
152032
128352
107623
237748
88069
104139
252735
239683
194604
251258
211331
157556
159814
849
248846
73113
206029
24661
237173
162887
168832
41138
140185
230816
150350
237468
3382
70557
216861
52536
161273
114941
189080
14943
90544
15004
119083
81134
734
51542
78439
220258
217290
238254
229299
212183
49222
173183
245036
32443
73926
151724
81773
222303
120395
232124
197626
131969
40536
152342
192697
201809
13330
119632
216752
103874
134636
73690
193201
143563
133424
17687
101676
88570
1988
68830
46800
51211
250205
29692
91846
61986
189608
173619
22144
47858
151790
219770
188019
200518
118160
118571
140182
131490
238203
102982
243557
118886
184864
182805
8496
56144
200492
110172
152906
202481
187194
207898
261884
175255
237590
99777
237241
165053
19443
5433
221103
171234
233395
146977
109607
97602
11595
257982
229093
257990
98819
218697
114732
29730
139357
131420
94066
77704
241593
246972
26232
174834
192726
25971
87944
176363
133940
71233
79272
153384
76666
46422
62473
56108
201592
172080
153711
213187
176109
120659
209033
12783
85403
69812
50706
224760
201232
144772
48511
188872
137792
74744
101562
76565
108907
189506
252928
242848
260739
78247
134087
83452
124670
204752
139561
64117
122879
31127
23351
36844
159978
232384
57819
245381
48243
108525
216188
249476
253298
2554
184395
128945
85490
23812
205510
202590
221511
204485
183293
228297
20588
63427
49605
153450
6034
197358
225759
128913
236677
249110
165757
142702
227542
223577
125938
13640
69957
88173
971
69302
98919
185367
198247
184410
217371
149804
124855
176737
92145
54195
142890
120925
117622
192495
20422
131848
135900
246181
260761
110432
233146
172566
253134
198543
142190
125119
220376
220339
221484
221347
27497
58258
152761
233936
242668
107988
121596
113570
30772
221933
167765
173662
88905
31434
112204
109327
163282
248104
101555
170091
104583
80748
80512
103764
17147
222702
237075
237523
180896
204606
204917
216585
720
103726
188377
251580
219906
56020
111198
250678
24000
25010
170388
112905
56445
20447
230424
227919
14599
69834
135865
127374
150582
224569
239331
175921
193318
214261
159491
120262
156723
110456
74702
165635
222374
934
155070
180135
65146
4123
176860
89146
29134
85103
210243
93771
105551
178522
59545
128342
256548
203603
255716
153178
174219
232902
75146
105393
193211
242830
233847
95981
99333
46404
261616
59562
55531
162733
247889
120677
175049
162604
209824
204183
247708
166114
44001
99306
90684
111738
235840
85087
61388
229411
246457
235608
208361
67651
87048
147619
56528
58750
251792
155861
105154
251263
223615
160685
160043
209359
27410
72947
109818
245426
23177
103573
149395
67178
211071
240079
178917
184766
71214
240305
160225
63718
221960
106441
131369
46863
107
187897
105613
251899
89805
218960
249209
51275
125692
147107
260634
161294
220055
116500
144575
251424
228265
31826
56458
177192
17952
243567
108005
97358
229919
6085
161077
189735
120718
38493
244790
120825
226391
96451
118771
62243
61458
105835
113519
187150
261135
120200
94492
227237
244892
239067
216516
211013
16940
19021
134252
34893
443
242257
132251
238555
248343
39375
166145
115108
77869
156982
235934
50307
253433
92560
112550
60938
206588
234261
248089
205578
92317
88628
170670
83256
65550
125041
40316
82491
144063
174568
125576
152698
162873
3874
129108
157263
43250
41300
10226
121119
198283
254352
171426
197763
92960
30023
258702
37403
2140
252838
242981
94457
79321
151506
185905
153063
22594
226222
235554
166657
146837
107177
57211
47565
111052
194511
213020
162494
235812
231439
29660
171950
223646
201086
115760
54461
231109
112317
91864
233249
111202
80892
73753
190523
232398
5706
81442
1040
231928
63043
167697
116620
178413
233100
172378
35512
165467
131445
198006
147326
100739
227666
65323
62241
174799
181083
124894
151955
39448
224951
123060
150650
43698
205005
87221
22144
210711
176855
23184
188686
248090
190881
51354
164358
170029
223732
199870
81543
101224
143923
228869
201964
109444
32047
10252
22098
221322
135146
174054
260770
97952
43161
157468
141651
256358
252881
163795
213117
175783
195171
139658
161728
123907
191012
72134
39983
160791
9859
121526
262016
153783
96442
201835
9274
136681
220279
39565
104051
101472
213619
110868
199425
2827
6191
87123
5232
5119
259110
218349
180902
192136
95863
80486
62090
32922
160812
110266
193714
170671
239984
193585
70501
74282
141467
79776
219155
107793
119341
61061
209265
79007
171930
154737
90026
186313
250052
95258
191433
247017
51463
118382
185200
155518
207060
255483
196632
105727
103604
128201
22446
81443
67833
92947
163917
217492
180915
129120
63140
46303
190181
10261
125310
99966
173190
223528
32327
161098
56642
223760
154162
116297
88189
85410
17862
33105
78748
214494
138832
190544
88743
161278
18034
156576
273
190144
120116
181188
57119
183256
227492
247300
201709
98849
93314
112755
68425
125641
11708
133259
95448
174062
249556
183637
259472
13465
224934
76075
227959
109814
12666
62749
8947
30701
219326
17412
220845
77297
198601
15819
6600
172140
9166
216502
17036
102480
67112
85461
236313
87012
218720
69616
7121
214323
261446
4449
227788
224235
88716
201795
71904
101383
2399
89044
140276
229917
106456
107168
53261
51104
122987
68054
231436
140345
22411
248473
242826
97715
71789
225186
192919
36557
32658
200040
250880
40151
204489
224716
2241
31061
172558
82338
140636
183149
179574
26959
159114
23885
134127
212375
83182
3161
18284
52473
143506
48887
46993
132379
146602
126975
95421
77376
163532
136271
15272
160459
176422
219761
131222
178663
259014
41635
7048
145697
232977
186622
172656
129946
218700
44638
80176
47929
55991
106653
100402
199498
155540
155588
77924
48190
20418
173345
125566
183950
47471
140838
90456
223893
106647
